7.142857142857142461e-02
7.092198581560284210e-02
1.440922190201729125e-01
8.264462809917355601e-02
8.860759493670886111e-02
1.118881118881118880e-01
1.052631578947368363e-01
8.333333333333332871e-02
1.311475409836065642e-01
1.494661921708184960e-01
9.302325581395348708e-02
5.063291139240506250e-02
1.212121212121212155e-01
1.454545454545454475e-01
8.695652173913043237e-02
4.878048780487805047e-02
5.555555555555555247e-02
0.000000000000000000e+00
9.230769230769231282e-02
7.692307692307692735e-02
0.000000000000000000e+00
4.938271604938271331e-02
1.666666666666666574e-01
5.128205128205128027e-02
0.000000000000000000e+00
4.255319148936170109e-02
1.245136186770428033e-01
0.000000000000000000e+00
0.000000000000000000e+00
0.000000000000000000e+00
6.896551724137930939e-02
0.000000000000000000e+00
1.411764705882352922e-01
6.896551724137930939e-02
8.130081300813007950e-02
8.928571428571428770e-02
0.000000000000000000e+00
5.263157894736841813e-02
1.088435374149659823e-01
1.794871794871794879e-01
0.000000000000000000e+00
0.000000000000000000e+00
8.928571428571428770e-02
8.888888888888889228e-02
8.196721311475409222e-02
0.000000000000000000e+00
8.695652173913043237e-02
0.000000000000000000e+00
0.000000000000000000e+00
0.000000000000000000e+00
9.523809523809523281e-02
6.666666666666666574e-02
0.000000000000000000e+00
7.619047619047619735e-02
1.153846153846153910e-01
0.000000000000000000e+00
0.000000000000000000e+00
0.000000000000000000e+00
0.000000000000000000e+00
0.000000000000000000e+00
0.000000000000000000e+00
0.000000000000000000e+00
0.000000000000000000e+00
0.000000000000000000e+00
0.000000000000000000e+00
0.000000000000000000e+00
0.000000000000000000e+00
0.000000000000000000e+00
0.000000000000000000e+00
0.000000000000000000e+00
1.311475409836065642e-01
1.153846153846153910e-01
0.000000000000000000e+00
0.000000000000000000e+00
0.000000000000000000e+00
0.000000000000000000e+00
9.836065573770491621e-02
2.500000000000000000e-01
5.128205128205128027e-02
0.000000000000000000e+00
0.000000000000000000e+00
0.000000000000000000e+00
0.000000000000000000e+00
9.302325581395348708e-02
0.000000000000000000e+00
9.090909090909091161e-02
1.071428571428571369e-01
0.000000000000000000e+00
1.212121212121212155e-01
0.000000000000000000e+00
1.274509803921568540e-01
0.000000000000000000e+00
0.000000000000000000e+00
0.000000000000000000e+00
0.000000000000000000e+00
0.000000000000000000e+00
0.000000000000000000e+00
0.000000000000000000e+00
0.000000000000000000e+00
0.000000000000000000e+00
0.000000000000000000e+00
9.756097560975610095e-02
0.000000000000000000e+00
1.619047619047619124e-01
2.000000000000000111e-01
1.138211382113821085e-01
0.000000000000000000e+00
0.000000000000000000e+00
1.128205128205128221e-01
1.250000000000000000e-01
0.000000000000000000e+00
8.849557522123893682e-02
0.000000000000000000e+00
0.000000000000000000e+00
0.000000000000000000e+00
0.000000000000000000e+00
0.000000000000000000e+00
0.000000000000000000e+00
8.247422680412370977e-02
9.195402298850574585e-02
