9.285714285714286031e-01
1.000000000000000000e+00
9.482758620689655249e-01
9.841269841269840724e-01
9.000000000000000222e-01
9.890109890109890500e-01
9.772727272727272929e-01
9.411764705882352811e-01
0.000000000000000000e+00
9.909909909909909720e-01
9.647058823529411908e-01
9.250000000000000444e-01
9.090909090909090606e-01
9.250000000000000444e-01
8.965517241379310498e-01
8.285714285714286254e-01
8.524590163934425702e-01
6.458333333333333703e-01
9.375000000000000000e-01
9.250000000000000444e-01
9.014084507042253724e-01
8.809523809523809312e-01
9.117647058823529216e-01
9.749999999999999778e-01
9.433962264150943522e-01
9.873417721518987777e-01
9.670329670329670391e-01
9.863013698630136439e-01
6.896551724137931494e-01
0.000000000000000000e+00
9.866666666666666918e-01
9.512195121951219079e-01
9.250000000000000444e-01
9.444444444444444198e-01
8.266666666666666607e-01
9.534883720930232842e-01
8.684210526315789824e-01
9.666666666666666741e-01
8.493150684931506378e-01
9.545454545454545858e-01
8.823529411764705621e-01
9.072164948453608213e-01
8.399999999999999689e-01
9.487179487179486781e-01
9.552238805970149071e-01
8.750000000000000000e-01
8.709677419354838745e-01
8.732394366197182567e-01
9.552238805970149071e-01
9.024390243902439268e-01
8.974358974358974672e-01
9.599999999999999645e-01
9.230769230769231282e-01
8.852459016393442459e-01
9.830508474576271638e-01
9.491525423728813804e-01
9.666666666666666741e-01
9.393939393939394478e-01
9.803921568627450567e-01
9.062500000000000000e-01
9.552238805970149071e-01
9.230769230769231282e-01
9.577464788732393819e-01
1.000000000000000000e+00
9.433962264150943522e-01
1.000000000000000000e+00
9.117647058823529216e-01
8.936170212765957022e-01
9.166666666666666297e-01
1.000000000000000000e+00
9.565217391304348116e-01
9.411764705882352811e-01
9.696969696969697239e-01
1.000000000000000000e+00
0.000000000000000000e+00
9.333333333333333481e-01
9.285714285714286031e-01
9.885057471264367956e-01
9.696969696969697239e-01
7.692307692307692735e-01
0.000000000000000000e+00
7.777777777777777901e-01
9.230769230769231282e-01
9.850746268656715987e-01
6.666666666666666297e-01
9.803921568627450567e-01
9.333333333333333481e-01
9.122807017543859143e-01
9.677419354838709964e-01
9.122807017543859143e-01
9.230769230769231282e-01
9.841269841269840724e-01
9.705882352941176405e-01
9.433962264150943522e-01
9.818181818181818121e-01
9.454545454545454364e-01
1.000000000000000000e+00
0.000000000000000000e+00
9.032258064516128782e-01
6.879999999999999449e-01
9.687500000000000000e-01
9.565217391304348116e-01
9.690721649484536071e-01
9.866666666666666918e-01
6.804123711340206437e-01
9.315068493150684414e-01
9.814814814814815103e-01
9.887640449438201973e-01
1.000000000000000000e+00
9.841269841269840724e-01
9.642857142857143016e-01
9.756097560975609539e-01
9.433962264150943522e-01
0.000000000000000000e+00
6.382978723404255650e-01
8.965517241379310498e-01
9.749999999999999778e-01
9.024390243902439268e-01
9.615384615384615641e-01
9.873417721518987777e-01
