8.059701492537313383e-01
8.965517241379310498e-01
8.387096774193548709e-01
8.484848484848485084e-01
6.279069767441860517e-01
9.010989010989011172e-01
8.780487804878048808e-01
6.666666666666666297e-01
6.464646464646465196e-01
9.195402298850574585e-01
7.096774193548387455e-01
6.730769230769231282e-01
8.543689320388349051e-01
8.395061728395061262e-01
7.323943661971831220e-01
5.454545454545454142e-01
6.530612244897958663e-01
5.526315789473684736e-01
8.852459016393442459e-01
0.000000000000000000e+00
5.981308411214952825e-01
0.000000000000000000e+00
7.272727272727272929e-01
9.736842105263158187e-01
8.135593220338983578e-01
9.041095890410958402e-01
6.832298136645962305e-01
9.393939393939394478e-01
6.875000000000000000e-01
6.666666666666666297e-01
9.156626506024095891e-01
8.307692307692308153e-01
8.918918918918918859e-01
0.000000000000000000e+00
5.846153846153846478e-01
7.761194029850746468e-01
5.999999999999999778e-01
7.096774193548387455e-01
6.410256410256410797e-01
9.375000000000000000e-01
5.454545454545454142e-01
7.356321839080459668e-01
6.285714285714285587e-01
7.666666666666667185e-01
8.059701492537313383e-01
6.363636363636363535e-01
7.142857142857143016e-01
0.000000000000000000e+00
8.985507246376811530e-01
7.469879518072288782e-01
6.355140186915887446e-01
7.083333333333333703e-01
8.536585365853658347e-01
3.943661971830985657e-01
8.571428571428570953e-01
8.363636363636363091e-01
8.235294117647058432e-01
7.241379310344827624e-01
7.045454545454545858e-01
7.450980392156862919e-01
6.571428571428571397e-01
6.800000000000000488e-01
6.987951807228915957e-01
0.000000000000000000e+00
6.818181818181817677e-01
9.295774647887323772e-01
8.048780487804878536e-01
7.118644067796610075e-01
6.969696969696970168e-01
6.491228070175438791e-01
8.285714285714286254e-01
6.849315068493150305e-01
9.361702127659574657e-01
8.615384615384615863e-01
8.135593220338983578e-01
7.936507936507936067e-01
6.578947368421053099e-01
9.014084507042253724e-01
8.055555555555555802e-01
6.575342465753424293e-01
0.000000000000000000e+00
7.368421052631578538e-01
7.037037037037037202e-01
8.395061728395061262e-01
7.027027027027027417e-01
6.923076923076922906e-01
7.792207792207792583e-01
7.741935483870967527e-01
8.653846153846154188e-01
5.762711864406779849e-01
8.000000000000000444e-01
7.307692307692307265e-01
9.259259259259259300e-01
8.615384615384615863e-01
8.800000000000000044e-01
8.000000000000000444e-01
9.552238805970149071e-01
0.000000000000000000e+00
7.088607594936708889e-01
5.544554455445545038e-01
8.571428571428570953e-01
8.421052631578946901e-01
9.315068493150684414e-01
9.056603773584905870e-01
8.461538461538461453e-01
7.249999999999999778e-01
9.108910891089109230e-01
8.888888888888888395e-01
9.444444444444444198e-01
9.315068493150684414e-01
9.487179487179486781e-01
8.543689320388349051e-01
7.346938775510204467e-01
5.999999999999999778e-01
4.912280701754385692e-01
7.368421052631578538e-01
8.620689655172413257e-01
7.323943661971831220e-01
8.965517241379310498e-01
9.523809523809523281e-01
