9.271523178807947185e-02
9.756097560975610095e-02
1.029411764705882304e-01
0.000000000000000000e+00
0.000000000000000000e+00
9.677419354838709409e-02
9.160305343511450371e-02
0.000000000000000000e+00
8.510638297872340219e-02
2.857142857142857054e-02
0.000000000000000000e+00
0.000000000000000000e+00
9.629629629629629650e-02
6.711409395973154390e-02
0.000000000000000000e+00
0.000000000000000000e+00
0.000000000000000000e+00
0.000000000000000000e+00
0.000000000000000000e+00
8.771929824561403022e-02
0.000000000000000000e+00
1.052631578947368363e-01
6.976744186046511531e-02
0.000000000000000000e+00
0.000000000000000000e+00
1.138211382113821085e-01
1.276595744680850963e-01
0.000000000000000000e+00
0.000000000000000000e+00
8.791208791208791895e-02
2.181818181818181712e-01
0.000000000000000000e+00
1.116751269035533012e-01
0.000000000000000000e+00
0.000000000000000000e+00
7.084468664850136765e-02
6.030150753768843963e-02
0.000000000000000000e+00
0.000000000000000000e+00
6.923076923076923461e-02
0.000000000000000000e+00
7.207207207207207145e-02
0.000000000000000000e+00
1.090909090909090856e-01
0.000000000000000000e+00
8.333333333333332871e-02
1.045751633986928136e-01
0.000000000000000000e+00
0.000000000000000000e+00
0.000000000000000000e+00
9.722222222222222376e-02
0.000000000000000000e+00
0.000000000000000000e+00
0.000000000000000000e+00
0.000000000000000000e+00
6.060606060606060774e-02
0.000000000000000000e+00
0.000000000000000000e+00
0.000000000000000000e+00
0.000000000000000000e+00
9.677419354838709409e-02
0.000000000000000000e+00
0.000000000000000000e+00
0.000000000000000000e+00
0.000000000000000000e+00
0.000000000000000000e+00
5.882352941176470507e-02
0.000000000000000000e+00
0.000000000000000000e+00
0.000000000000000000e+00
1.694915254237288060e-01
0.000000000000000000e+00
0.000000000000000000e+00
0.000000000000000000e+00
0.000000000000000000e+00
0.000000000000000000e+00
0.000000000000000000e+00
2.153846153846153966e-01
0.000000000000000000e+00
0.000000000000000000e+00
0.000000000000000000e+00
0.000000000000000000e+00
1.333333333333333315e-01
0.000000000000000000e+00
0.000000000000000000e+00
0.000000000000000000e+00
0.000000000000000000e+00
0.000000000000000000e+00
1.452991452991453103e-01
1.000000000000000056e-01
1.207349081364829380e-01
0.000000000000000000e+00
0.000000000000000000e+00
0.000000000000000000e+00
0.000000000000000000e+00
0.000000000000000000e+00
0.000000000000000000e+00
0.000000000000000000e+00
1.408450704225352179e-01
0.000000000000000000e+00
0.000000000000000000e+00
6.153846153846154188e-02
0.000000000000000000e+00
7.142857142857142461e-02
1.538461538461538547e-01
1.607142857142857262e-01
8.695652173913043237e-02
0.000000000000000000e+00
1.185185185185185230e-01
0.000000000000000000e+00
0.000000000000000000e+00
0.000000000000000000e+00
0.000000000000000000e+00
0.000000000000000000e+00
0.000000000000000000e+00
0.000000000000000000e+00
0.000000000000000000e+00
0.000000000000000000e+00
7.692307692307692735e-02
1.111111111111111049e-01
