7.042253521126760063e-01
8.767123287671232390e-01
6.947368421052632081e-01
7.407407407407406996e-01
6.760563380281690016e-01
8.219178082191780366e-01
9.113924050632911111e-01
7.397260273972602329e-01
5.301204819277108848e-01
8.478260869565217295e-01
7.164179104477611526e-01
6.363636363636363535e-01
8.048780487804878536e-01
8.648648648648649129e-01
6.933333333333333570e-01
4.444444444444444198e-01
5.681818181818182323e-01
5.396825396825396526e-01
8.732394366197182567e-01
5.168539325842697041e-01
7.733333333333333171e-01
6.753246753246753276e-01
7.118644067796610075e-01
9.217391304347826164e-01
6.400000000000000133e-01
7.671232876712328341e-01
6.024096385542169196e-01
8.533333333333333881e-01
6.071428571428570953e-01
6.562500000000000000e-01
8.292682926829267887e-01
8.292682926829267887e-01
8.314606741573034032e-01
6.376811594202898004e-01
5.079365079365079083e-01
6.753246753246753276e-01
6.250000000000000000e-01
8.135593220338983578e-01
5.762711864406779849e-01
8.947368421052631637e-01
7.640449438202246979e-01
6.046511627906976383e-01
5.538461538461538769e-01
7.419354838709677491e-01
8.148148148148147696e-01
6.470588235294117974e-01
6.578947368421053099e-01
6.470588235294117974e-01
8.333333333333333703e-01
6.835443037974683334e-01
5.526315789473684736e-01
6.538461538461538547e-01
8.521739130434782261e-01
6.923076923076922906e-01
7.529411764705882248e-01
8.484848484848485084e-01
8.888888888888888395e-01
6.750000000000000444e-01
5.970149253731342753e-01
7.540983606557376540e-01
6.285714285714285587e-01
7.540983606557376540e-01
7.692307692307692735e-01
7.407407407407406996e-01
6.530612244897958663e-01
8.852459016393442459e-01
7.837837837837837718e-01
6.031746031746031411e-01
7.246376811594202882e-01
8.358208955223880299e-01
8.169014084507042472e-01
6.575342465753424293e-01
8.852459016393442459e-01
8.679245283018868218e-01
7.096774193548387455e-01
5.263157894736841813e-01
6.666666666666666297e-01
9.152542372881355970e-01
8.085106382978722861e-01
6.461538461538461897e-01
5.753424657534246256e-01
6.774193548387096309e-01
6.461538461538461897e-01
8.000000000000000444e-01
7.179487179487179516e-01
6.274509803921568540e-01
7.500000000000000000e-01
6.923076923076922906e-01
8.571428571428570953e-01
6.129032258064516236e-01
5.714285714285713969e-01
7.586206896551723755e-01
7.213114754098360892e-01
7.457627118644067910e-01
7.812500000000000000e-01
6.470588235294117974e-01
8.888888888888888395e-01
4.857142857142857095e-01
6.571428571428571397e-01
4.722222222222222099e-01
7.848101265822784445e-01
8.000000000000000444e-01
8.888888888888888395e-01
8.266666666666666607e-01
7.027027027027027417e-01
5.753424657534246256e-01
8.602150537634408733e-01
8.764044943820225031e-01
8.470588235294117530e-01
9.836065573770491621e-01
8.852459016393442459e-01
7.105263157894736725e-01
6.909090909090909172e-01
4.571428571428571286e-01
4.363636363636363424e-01
5.714285714285713969e-01
7.636363636363636687e-01
7.526881720430107503e-01
7.692307692307692735e-01
8.985507246376811530e-01
