1.250000000000000000e-01
2.500000000000000000e-01
1.726618705035971313e-01
9.803921568627450844e-02
1.063829787234042562e-01
2.500000000000000000e-01
1.521739130434782705e-01
1.403508771929824483e-01
1.204819277108433728e-01
3.801652892561983577e-01
0.000000000000000000e+00
6.451612903225806273e-02
1.666666666666666574e-01
3.076923076923077094e-02
1.132075471698113234e-01
1.000000000000000056e-01
2.857142857142856984e-01
9.876543209876542662e-02
1.739130434782608647e-01
6.976744186046511531e-02
4.081632653061224164e-02
1.102362204724409434e-01
1.971830985915492829e-01
2.000000000000000111e-01
2.173913043478260809e-01
1.587301587301587213e-01
3.716814159292035624e-01
9.375000000000000000e-02
8.888888888888889228e-02
5.000000000000000278e-02
2.187500000000000000e-01
1.724137931034482873e-01
2.571428571428571175e-01
9.411764705882352811e-02
2.325581395348837177e-01
1.666666666666666574e-01
6.779661016949152519e-02
1.071428571428571369e-01
1.555555555555555580e-01
6.168224299065420135e-01
1.176470588235294101e-01
1.639344262295081844e-01
1.724137931034482873e-01
2.333333333333333370e-01
1.304347826086956486e-01
4.545454545454545581e-02
1.219512195121951192e-01
2.941176470588235253e-02
1.568627450980392135e-01
1.066666666666666735e-01
3.499999999999999778e-01
1.159420289855072478e-01
3.846153846153846367e-02
1.111111111111111049e-01
3.703703703703703498e-02
1.917808219178082085e-01
1.250000000000000000e-01
4.545454545454545581e-02
0.000000000000000000e+00
2.000000000000000111e-01
1.886792452830188815e-01
0.000000000000000000e+00
1.100917431192660612e-01
4.545454545454545581e-02
1.860465116279069742e-01
1.153846153846153910e-01
9.756097560975610095e-02
1.621621621621621712e-01
5.714285714285714107e-02
3.448275862068965747e-01
3.116883116883116811e-01
1.714285714285714302e-01
1.230769230769230838e-01
2.631578947368420907e-01
1.639344262295081844e-01
4.000000000000000083e-02
8.333333333333332871e-02
3.823529411764705621e-01
1.499999999999999944e-01
7.142857142857142461e-02
2.500000000000000000e-01
7.142857142857142461e-02
1.621621621621621712e-01
2.142857142857142738e-01
4.081632653061224164e-02
1.000000000000000056e-01
1.894736842105263219e-01
3.106796116504854099e-01
2.419354838709677491e-01
8.163265306122448328e-02
3.539823008849557473e-01
0.000000000000000000e+00
2.000000000000000111e-01
4.651162790697674354e-02
0.000000000000000000e+00
7.547169811320754429e-02
2.933333333333333348e-01
2.739726027397260122e-02
8.510638297872340219e-02
2.898550724637681195e-02
6.896551724137930939e-02
1.758241758241758379e-01
6.666666666666666574e-02
3.541666666666666852e-01
8.219178082191780366e-02
1.250000000000000000e-01
3.452380952380952328e-01
2.115384615384615363e-01
3.061224489795918435e-01
3.076923076923077094e-01
2.325581395348837177e-01
1.842105263157894635e-01
5.405405405405405705e-02
0.000000000000000000e+00
0.000000000000000000e+00
0.000000000000000000e+00
3.333333333333333148e-01
0.000000000000000000e+00
3.870967741935483764e-01
3.061224489795918435e-01
