9.350649350649350433e-01
9.487179487179486781e-01
9.670329670329670391e-01
9.411764705882352811e-01
9.111111111111110938e-01
9.743589743589743390e-01
1.000000000000000000e+00
9.552238805970149071e-01
8.484848484848485084e-01
9.914529914529914834e-01
9.552238805970149071e-01
9.487179487179486781e-01
9.268292682926829729e-01
8.923076923076923572e-01
9.393939393939394478e-01
8.705882352941176627e-01
8.358208955223880299e-01
9.206349206349205838e-01
9.795918367346938549e-01
9.473684210526315264e-01
9.534883720930232842e-01
9.047619047619047672e-01
9.772727272727272929e-01
9.791666666666666297e-01
9.866666666666666918e-01
9.555555555555556024e-01
9.545454545454545858e-01
9.841269841269840724e-01
9.841269841269840724e-01
9.285714285714286031e-01
9.411764705882352811e-01
9.687500000000000000e-01
9.696969696969697239e-01
9.318181818181817677e-01
8.571428571428570953e-01
9.285714285714286031e-01
8.955223880597015240e-01
8.333333333333333703e-01
8.378378378378378288e-01
9.761904761904761640e-01
9.176470588235293713e-01
9.670329670329670391e-01
8.813559322033898136e-01
9.491525423728813804e-01
9.830508474576271638e-01
9.354838709677418818e-01
9.268292682926829729e-01
8.974358974358974672e-01
9.565217391304348116e-01
8.684210526315789824e-01
8.656716417910447214e-01
9.230769230769231282e-01
9.512195121951219079e-01
9.130434782608695121e-01
9.795918367346938549e-01
9.523809523809523281e-01
9.523809523809523281e-01
9.411764705882352811e-01
9.687500000000000000e-01
9.350649350649350433e-01
9.444444444444444198e-01
9.375000000000000000e-01
1.000000000000000000e+00
9.803921568627450567e-01
9.666666666666666741e-01
1.000000000000000000e+00
9.333333333333333481e-01
9.200000000000000400e-01
9.487179487179486781e-01
1.000000000000000000e+00
9.180327868852459217e-01
9.393939393939394478e-01
9.787234042553191182e-01
1.000000000000000000e+00
9.117647058823529216e-01
9.565217391304348116e-01
8.767123287671232390e-01
1.000000000000000000e+00
9.866666666666666918e-01
8.813559322033898136e-01
7.796610169491525744e-01
8.648648648648649129e-01
9.000000000000000222e-01
9.310344827586206629e-01
1.000000000000000000e+00
9.577464788732393819e-01
9.393939393939394478e-01
9.315068493150684414e-01
1.000000000000000000e+00
8.444444444444444420e-01
9.484536082474226415e-01
9.523809523809523281e-01
9.459459459459459429e-01
9.354838709677418818e-01
9.859154929577464976e-01
9.350649350649350433e-01
1.000000000000000000e+00
6.792452830188678847e-01
8.936170212765957022e-01
7.575757575757575690e-01
9.841269841269840724e-01
9.870129870129870087e-01
9.756097560975609539e-01
9.787234042553191182e-01
9.090909090909090606e-01
9.195402298850574585e-01
9.655172413793103869e-01
1.000000000000000000e+00
9.898989898989899450e-01
1.000000000000000000e+00
9.898989898989899450e-01
9.333333333333333481e-01
8.474576271186440302e-01
9.014084507042253724e-01
8.709677419354838745e-01
8.064516129032257563e-01
1.000000000000000000e+00
9.156626506024095891e-01
9.473684210526315264e-01
1.000000000000000000e+00
