7.228915662650602092e-02
5.555555555555555247e-02
4.494382022471909988e-02
7.920792079207920888e-02
2.777777777777777624e-02
9.523809523809523281e-02
2.985074626865671585e-02
0.000000000000000000e+00
2.857142857142857054e-02
1.188118811881188064e-01
5.357142857142856845e-02
4.123711340206185488e-02
5.797101449275362389e-02
0.000000000000000000e+00
2.898550724637681195e-02
3.669724770642202039e-02
1.176470588235294101e-01
2.702702702702702853e-02
1.574803149606299191e-02
4.109589041095890183e-02
0.000000000000000000e+00
0.000000000000000000e+00
4.166666666666666435e-02
4.166666666666666435e-02
0.000000000000000000e+00
1.192052980132450313e-01
2.168674698795180766e-01
7.299270072992700142e-02
2.040816326530612082e-02
0.000000000000000000e+00
7.843137254901960675e-02
0.000000000000000000e+00
1.134751773049645363e-01
1.626016260162601798e-02
7.692307692307692735e-02
1.090909090909090856e-01
1.176470588235294101e-01
3.389830508474576259e-02
2.941176470588235253e-02
9.677419354838709409e-02
3.703703703703703498e-02
2.150537634408602322e-02
1.470588235294117696e-01
1.333333333333333315e-01
6.593406593406593574e-02
0.000000000000000000e+00
8.333333333333332871e-02
5.714285714285714107e-02
9.375000000000000000e-02
6.779661016949152519e-02
7.547169811320754429e-02
3.636363636363636187e-02
5.194805194805195148e-02
1.346153846153846090e-01
8.888888888888889228e-02
0.000000000000000000e+00
3.030303030303030387e-02
0.000000000000000000e+00
2.631578947368420907e-02
0.000000000000000000e+00
9.756097560975610095e-02
1.666666666666666574e-01
6.250000000000000000e-02
4.081632653061224164e-02
5.714285714285714107e-02
0.000000000000000000e+00
5.263157894736841813e-02
0.000000000000000000e+00
0.000000000000000000e+00
2.105263157894736725e-01
1.944444444444444475e-01
1.652892561983471120e-02
0.000000000000000000e+00
1.379310344827586188e-01
0.000000000000000000e+00
1.834862385321101019e-02
0.000000000000000000e+00
1.944444444444444475e-01
7.317073170731706877e-02
5.405405405405405705e-02
1.250000000000000000e-01
0.000000000000000000e+00
5.194805194805195148e-02
1.846153846153846256e-01
4.255319148936170109e-02
6.666666666666666574e-02
1.333333333333333315e-01
1.282051282051281937e-01
9.433962264150944077e-02
6.666666666666666574e-02
9.090909090909091161e-02
0.000000000000000000e+00
1.263157894736842146e-01
0.000000000000000000e+00
3.333333333333333287e-02
0.000000000000000000e+00
2.380952380952380820e-01
0.000000000000000000e+00
0.000000000000000000e+00
0.000000000000000000e+00
6.060606060606060774e-02
0.000000000000000000e+00
2.564102564102564014e-02
1.578947368421052544e-01
6.521739130434782428e-02
0.000000000000000000e+00
1.785714285714285754e-01
3.448275862068965469e-02
1.111111111111111049e-01
6.060606060606060774e-02
0.000000000000000000e+00
1.157894736842105254e-01
0.000000000000000000e+00
0.000000000000000000e+00
0.000000000000000000e+00
0.000000000000000000e+00
1.304347826086956486e-01
0.000000000000000000e+00
1.855670103092783574e-01
1.600000000000000033e-01
