7.419354838709677491e-01
9.285714285714286031e-01
7.964601769911504592e-01
8.936170212765957022e-01
6.590909090909090606e-01
9.411764705882352811e-01
9.411764705882352811e-01
6.857142857142857206e-01
5.555555555555555802e-01
9.315068493150684414e-01
7.575757575757575690e-01
8.247422680412370699e-01
9.019607843137255054e-01
7.878787878787878451e-01
7.462686567164179552e-01
4.074074074074073848e-01
5.762711864406779849e-01
6.774193548387096309e-01
9.014084507042253724e-01
7.115384615384615641e-01
7.750000000000000222e-01
6.779661016949152241e-01
6.666666666666666297e-01
9.777777777777777457e-01
7.228915662650602370e-01
9.499999999999999556e-01
7.191011235955055980e-01
9.010989010989011172e-01
6.666666666666666297e-01
7.848101265822784445e-01
9.318181818181817677e-01
8.358208955223880299e-01
9.130434782608695121e-01
6.376811594202898004e-01
5.526315789473684736e-01
7.407407407407406996e-01
7.323943661971831220e-01
8.307692307692308153e-01
6.551724137931034253e-01
9.382716049382715529e-01
7.578947368421052877e-01
7.865168539325843033e-01
6.756756756756756577e-01
7.605633802816901268e-01
8.285714285714286254e-01
6.538461538461538547e-01
6.764705882352941568e-01
6.944444444444444198e-01
8.214285714285713969e-01
7.317073170731707155e-01
6.904761904761904656e-01
6.666666666666666297e-01
8.169014084507042472e-01
4.749999999999999778e-01
7.741935483870967527e-01
8.813559322033898136e-01
8.219178082191780366e-01
6.896551724137931494e-01
6.741573033707864981e-01
7.441860465116278966e-01
7.761194029850746468e-01
6.666666666666666297e-01
7.397260273972602329e-01
7.187500000000000000e-01
7.368421052631578538e-01
8.965517241379310498e-01
8.771929824561403022e-01
7.419354838709677491e-01
8.125000000000000000e-01
8.571428571428570953e-01
8.947368421052631637e-01
7.058823529411765163e-01
9.090909090909090606e-01
8.571428571428570953e-01
8.620689655172413257e-01
8.000000000000000444e-01
6.538461538461538547e-01
9.166666666666666297e-01
8.571428571428570953e-01
6.341463414634146423e-01
5.714285714285713969e-01
7.419354838709677491e-01
7.812500000000000000e-01
8.750000000000000000e-01
8.571428571428570953e-01
7.843137254901960675e-01
7.397260273972602329e-01
7.368421052631578538e-01
9.411764705882352811e-01
6.545454545454545414e-01
8.055555555555555802e-01
7.800000000000000266e-01
8.648648648648649129e-01
6.984126984126983739e-01
8.363636363636363091e-01
7.848101265822784445e-01
9.599999999999999645e-01
3.733333333333333504e-01
7.714285714285714635e-01
4.516129032258064391e-01
8.461538461538461453e-01
6.792452830188678847e-01
9.411764705882352811e-01
9.310344827586206629e-01
7.012987012987013102e-01
7.123287671232876317e-01
9.302325581395348708e-01
8.735632183908046411e-01
9.687500000000000000e-01
9.629629629629629095e-01
8.679245283018868218e-01
8.727272727272726849e-01
7.536231884057971175e-01
6.341463414634146423e-01
6.486486486486486847e-01
7.076923076923077316e-01
9.189189189189189699e-01
6.966292134831461036e-01
8.301886792452830566e-01
9.629629629629629095e-01
