9.152542372881355970e-01
9.777777777777777457e-01
9.156626506024095891e-01
9.444444444444444198e-01
8.674698795180723065e-01
9.655172413793103869e-01
9.882352941176471006e-01
8.571428571428570953e-01
8.648648648648649129e-01
9.917355371900826722e-01
9.638554216867469826e-01
9.268292682926829729e-01
9.772727272727272929e-01
8.852459016393442459e-01
9.375000000000000000e-01
8.484848484848485084e-01
8.750000000000000000e-01
9.090909090909090606e-01
9.310344827586206629e-01
9.189189189189189699e-01
8.809523809523809312e-01
7.941176470588234837e-01
9.411764705882352811e-01
9.855072463768116409e-01
9.166666666666666297e-01
9.855072463768116409e-01
9.213483146067416030e-01
9.841269841269840724e-01
7.761194029850746468e-01
8.333333333333333703e-01
9.714285714285714191e-01
9.552238805970149071e-01
9.393939393939394478e-01
8.823529411764705621e-01
8.780487804878048808e-01
8.767123287671232390e-01
8.219178082191780366e-01
8.923076923076923572e-01
8.666666666666666963e-01
9.538461538461538991e-01
9.183673469387755306e-01
8.695652173913043237e-01
8.333333333333333703e-01
9.462365591397849940e-01
9.687500000000000000e-01
8.450704225352112520e-01
9.253731343283582156e-01
9.000000000000000222e-01
8.888888888888888395e-01
8.750000000000000000e-01
8.860759493670885556e-01
9.000000000000000222e-01
9.450549450549450281e-01
8.307692307692308153e-01
8.928571428571429047e-01
9.411764705882352811e-01
9.285714285714286031e-01
9.428571428571428381e-01
9.206349206349205838e-01
8.923076923076923572e-01
9.295774647887323772e-01
9.117647058823529216e-01
9.310344827586206629e-01
9.870129870129870087e-01
9.508196721311474864e-01
9.615384615384615641e-01
8.800000000000000044e-01
9.642857142857143016e-01
9.538461538461538991e-01
9.411764705882352811e-01
8.648648648648649129e-01
9.019607843137255054e-01
9.565217391304348116e-01
9.589041095890410427e-01
8.923076923076923572e-01
8.709677419354838745e-01
8.888888888888888395e-01
9.850746268656715987e-01
9.555555555555556024e-01
9.230769230769231282e-01
8.684210526315789824e-01
8.750000000000000000e-01
8.857142857142856762e-01
1.000000000000000000e+00
9.354838709677418818e-01
9.589041095890410427e-01
8.932038834951456785e-01
9.350649350649350433e-01
9.387755102040816757e-01
8.674698795180723065e-01
8.571428571428570953e-01
9.375000000000000000e-01
9.655172413793103869e-01
9.310344827586206629e-01
9.696969696969697239e-01
9.354838709677418818e-01
9.866666666666666918e-01
7.600000000000000089e-01
9.459459459459459429e-01
8.135593220338983578e-01
9.610389610389610260e-01
9.534883720930232842e-01
9.787234042553191182e-01
9.397590361445783413e-01
9.108910891089109230e-01
9.113924050632911111e-01
9.714285714285714191e-01
9.583333333333333703e-01
9.736842105263158187e-01
9.846153846153846700e-01
9.629629629629629095e-01
8.923076923076923572e-01
8.767123287671232390e-01
8.000000000000000444e-01
7.466666666666667007e-01
8.771929824561403022e-01
9.615384615384615641e-01
9.152542372881355970e-01
9.761904761904761640e-01
9.589041095890410427e-01
